Year	Pixel_count	Sum	Rad. / 1000 pop.	Mean
-------------------改进照明系统-------------------
鼓励使用低能耗的LED灯
降低路灯亮度
Switherland：
2013	279,943	235,711	27.6	1.2295
2014	279,943	235,680	27.5	1.2293
2015	279,943	231,299	27.0	1.2065
2012	279,943	227,686	26.6	1.1876
2017	279,943	227,569	26.6	1.1870
2016	279,943	219,182	25.6	1.1433
2018	279,943	216,228	25.3	1.1279
2019	279,943	212,498	24.8	1.1084
2021	279,943	188,040	22.0	0.9808
2020	279,943	185,842	21.7	0.9694
Spain：
2012	3,119,839	3,947,054	84.1	1.6599
2013	3,119,839	3,800,659	81.0	1.5983
2014	3,119,839	3,779,260	80.5	1.5893
2015	3,119,839	3,630,688	77.4	1.5268
2016	3,119,839	3,554,194	75.7	1.4947
2017	3,119,839	3,570,154	76.1	1.5014
2018	3,119,839	3,486,279	74.3	1.4661
2019	3,119,839	3,505,150	74.7	1.4740
2020	3,119,839	3,312,502	70.6	1.3930
2021	3,119,839	3,399,578	72.4	1.4296
Japan：
2012	2,308,600	2,536,615	20.1	1.3892
2013	2,308,600	2,635,972	20.9	1.4436
2014	2,308,600	2,634,978	20.9	1.4431
2015	2,308,600	2,605,339	20.6	1.4268
2016	2,308,600	2,544,148	20.2	1.3933
2017	2,308,600	2,596,339	20.6	1.4219
2018	2,308,600	2,601,707	20.6	1.4249
2019	2,308,600	2,569,809	20.4	1.4074
2020	2,308,600	2,377,935	18.8	1.3023
2021	2,308,600	2,449,701	19.4	1.3416
-------------------“黑暗天空”照明系统"-------------------
这种照明系统通常使用灯罩、筛网和其他照明附件来控制光线的方向和范围
灯罩：向下照明
筛网：确保它们不会向大气中释放过多的光污染
附件：使用光度计和时间控制器：这些设备可以确保照明系统在夜间仅在需要时才开启，并调整光线强度以适应不同的环境需求。
USA：
2012	52,284,656	33,043,102	100.3	0.9243
2013	52,284,656	33,154,720	100.6	0.9274
2014	52,284,656	33,571,292	101.9	0.9391
2015	52,284,656	32,330,240	98.1	0.9044
2016	52,284,656	31,409,763	95.3	0.8786
2017	52,284,656	31,293,926	95.0	0.8754
2018	52,284,656	31,744,967	96.3	0.8880
2019	52,284,656	31,524,380	95.7	0.8818
2020	52,284,656	29,614,676	89.9	0.8284
2021	52,284,656	30,960,395	93.9	0.8660
United Kindom：
2012	2,050,084	2,256,880	34.0	1.8817
2013	2,050,084	2,337,387	35.2	1.9489
2014	2,050,084	2,238,130	33.7	1.8661
2015	2,050,084	2,179,353	32.8	1.8171
2016	2,050,084	2,008,299	30.2	1.6745
2017	2,050,084	1,900,515	28.6	1.5846
2018	2,050,084	1,869,002	28.1	1.5583
2019	2,050,084	1,814,423	27.3	1.5128
2020	2,050,084	1,657,003	24.9	1.3816
2021	2,050,084	1,686,412	25.4	1.4061
Canada：
2012	21,959,404	2,723,416	72.5	0.2359
2013	21,959,404	2,616,520	69.7	0.2266
2014	21,959,404	2,875,011	76.6	0.2490
2015	21,959,404	2,827,840	75.3	0.2449
2016	21,959,404	2,565,831	68.3	0.2222
2017	21,959,404	2,610,477	69.5	0.2261
2018	21,959,404	2,464,634	65.6	0.2135
2019	21,959,404	2,575,172	68.6	0.2231
2020	21,959,404	2,306,565	61.4	0.1998
2021	21,959,404	2,394,071	63.8	0.2074
New Zealand：
2012	1,740,314	162,724	32.7	0.1257
2013	1,740,314	170,644	34.3	0.1318
2014	1,740,314	173,165	34.8	0.1338
2015	1,740,314	170,426	34.3	0.1317
2016	1,740,314	167,631	33.7	0.1295
2017	1,740,314	169,521	34.1	0.1310
2018	1,740,314	165,626	33.3	0.1280
2019	1,740,314	164,816	33.1	0.1273
2020	1,740,314	156,130	31.4	0.1206
2021	1,740,314	155,787	31.3	0.1204
-------------------控制时间-------------------
France：
2012	3,749,407	3,856,452	57.6	1.4963
2013	3,749,407	3,846,778	57.4	1.4925
2014	3,749,407	3,884,793	58.0	1.5073
2015	3,749,407	3,751,574	56.0	1.4556
2016	3,749,407	3,576,094	53.4	1.3875
2017	3,749,407	3,570,253	53.3	1.3852
2018	3,749,407	3,392,734	50.6	1.3164
2019	3,749,407	3,331,131	49.7	1.2925
2020	3,749,407	2,965,358	44.3	1.1505
2021	3,749,407	2,907,932	43.4	1.1283
Netherlands：
2012	292,619	896,799	51.7	5.0003
2013	292,619	951,080	54.9	5.3030
2014	292,619	1,048,297	60.5	5.8450
2015	292,619	982,749	56.7	5.4795
2016	292,619	957,592	55.2	5.3393
2017	292,619	966,469	55.8	5.3888
2018	292,619	956,745	55.2	5.3345
2019	292,619	973,619	56.2	5.4286
2020	292,619	843,887	48.7	4.7053
2021	292,619	840,953	48.5	4.6889
Germany：
2012	2,669,097	1,826,692	22.0	1.0898
2013	2,669,097	1,881,982	22.7	1.1227
2014	2,669,097	1,903,410	22.9	1.1355
2015	2,669,097	1,911,028	23.0	1.1401
2016	2,669,097	1,850,105	22.3	1.1037
2017	2,669,097	1,993,649	24.0	1.1894
2018	2,669,097	1,966,098	23.7	1.1729
2019	2,669,097	1,960,524	23.6	1.1696
2020	2,669,097	1,745,328	21.0	1.0412
2021	2,669,097	1,767,353	21.3	1.0544
法国于2013年颁布了一项法律，规定商店在晚上1点到7点之间必须关闭照明系统。
荷兰政府号召所有公共机构在晚上11点到早上6点之间关闭照明系统。
德国：德国一些城市和地区规定商店在夜间必须关闭照明系统，以减少能源消耗。





